1 1 1 1 1 1 1 1 1 1 1 1 1 1 1 1 1 1 1 0 0 0 0 0 0 0 1 1 1 1 1 1 1 1 1 1 1 1 1 1 1 1 1 1 1 
1 17 15 18 13 13 13 15 15 13 13 16 13 14 13 13 18 14 17 0 0 0 0 0 0 0 17 15 18 16 14 13 13 13 13 13 13 13 14 13 13 18 13 17 1 
1 0 0 0 0 0 0 0 0 0 0 0 0 0 0 0 0 0 0 0 0 0 0 0 0 0 0 0 0 0 0 0 0 0 0 0 0 0 0 0 0 0 0 0 1 
1 0 1 0 0 1 0 0 1 0 0 1 0 0 1 0 0 1 0 0 1 0 0 1 0 0 1 0 0 1 0 0 1 0 0 1 0 0 1 0 0 1 0 0 1 
1 0 13 0 0 13 0 0 14 0 0 13 0 0 15 0 0 13 0 0 13 0 0 13 0 0 13 0 0 13 0 0 14 0 0 15 0 0 13 0 0 13 0 0 1 
1 0 0 0 0 0 0 0 0 0 0 0 0 0 0 0 0 0 0 0 0 0 0 0 0 0 0 0 0 0 0 0 0 0 0 0 0 0 0 0 0 0 0 0 1 
1 0 1 0 0 1 0 0 1 0 0 1 0 0 1 0 0 1 0 0 1 0 0 1 0 0 1 0 0 1 0 0 1 0 0 1 0 0 1 0 0 1 0 0 1 
1 0 13 0 0 13 0 0 13 0 0 13 0 0 15 0 0 15 0 0 13 0 0 16 0 0 13 0 0 13 0 0 15 0 0 14 0 0 15 0 0 14 0 0 1 
1 0 0 0 0 0 0 0 0 0 0 0 0 0 0 0 0 0 0 0 0 0 0 0 0 0 0 0 0 0 0 0 0 0 0 0 0 0 0 0 0 0 0 0 1 
1 0 1 0 0 1 0 0 1 0 0 1 0 0 1 0 0 1 0 0 1 0 0 1 0 0 1 0 0 1 0 0 1 0 0 1 0 0 1 0 0 1 0 0 1 
1 0 13 0 0 14 0 0 14 0 0 15 0 0 15 0 0 13 0 0 15 0 0 13 0 0 14 0 0 16 0 0 14 0 0 16 0 0 14 0 0 13 0 0 1 
1 0 0 0 0 0 0 0 0 0 0 0 0 0 0 0 0 0 0 0 0 0 0 0 0 0 0 0 0 0 0 0 0 0 0 0 0 0 0 0 0 0 0 0 1 
14 0 1 0 0 1 0 0 1 0 0 1 0 0 1 0 0 1 0 0 1 0 0 1 0 0 1 0 0 1 0 0 1 0 0 1 0 0 1 0 0 1 0 0 15 
0 0 15 0 0 13 0 0 14 0 0 14 0 0 15 0 0 16 0 0 13 0 0 16 0 0 13 0 0 13 0 0 13 0 0 13 0 0 13 0 0 13 0 0 0 
0 0 0 0 0 0 0 0 0 0 0 0 0 0 0 0 0 0 0 0 0 0 0 0 0 0 0 0 0 0 0 0 0 0 0 0 0 0 0 0 0 0 0 0 0 
0 0 1 0 0 1 0 0 1 0 0 1 0 0 1 0 0 1 0 0 1 0 0 1 0 0 1 0 0 1 0 0 1 0 0 1 0 0 1 0 0 1 0 0 0 
0 0 16 0 0 13 0 0 13 0 0 13 0 0 13 0 0 13 0 0 14 0 0 16 0 0 13 0 0 13 0 0 13 0 0 13 0 0 14 0 0 13 0 0 0 
0 0 0 0 0 0 0 0 0 0 0 0 0 0 0 0 0 0 0 0 0 0 0 0 0 0 0 0 0 0 0 0 0 0 0 0 0 0 0 0 0 0 0 0 0 
1 0 1 0 0 1 0 0 1 0 0 1 0 0 1 0 0 1 0 0 1 0 0 1 0 0 1 0 0 1 0 0 1 0 0 1 0 0 1 0 0 1 0 0 1 
1 0 13 0 0 14 0 0 14 0 0 15 0 0 13 0 0 15 0 0 15 0 0 13 0 0 16 0 0 15 0 0 13 0 0 14 0 0 13 0 0 14 0 0 1 
1 0 0 0 0 0 0 0 0 0 0 0 0 0 0 0 0 0 0 0 0 0 0 0 0 0 0 0 0 0 0 0 0 0 0 0 0 0 0 0 0 0 0 0 1 
1 0 1 0 0 1 0 0 1 0 0 1 0 0 1 0 0 1 0 0 1 0 0 1 0 0 1 0 0 1 0 0 1 0 0 1 0 0 1 0 0 1 0 0 1 
1 0 16 0 0 15 0 0 16 0 0 14 0 0 13 0 0 15 0 0 13 0 0 15 0 0 13 0 0 15 0 0 14 0 0 13 0 0 14 0 0 13 0 0 1 
1 0 0 0 0 0 0 0 0 0 0 0 0 0 0 0 0 0 0 0 0 0 0 0 0 0 0 0 0 0 0 0 0 0 0 0 0 0 0 0 0 0 0 0 1 
1 0 1 0 0 1 0 0 1 0 0 1 0 0 1 0 0 1 0 0 1 0 0 1 0 0 1 0 0 1 0 0 1 0 0 1 0 0 1 0 0 1 0 0 1 
1 0 14 0 0 13 0 0 13 0 0 13 0 0 13 0 0 16 0 0 14 0 0 13 0 0 16 0 0 13 0 0 13 0 0 13 0 0 13 0 0 16 0 0 1 
1 0 0 0 0 0 0 0 0 0 0 0 0 0 0 0 0 0 0 0 0 0 0 0 0 0 0 0 0 0 0 0 0 0 0 0 0 0 0 0 0 0 0 0 1 
1 0 0 0 0 0 0 0 0 0 0 0 0 0 0 0 0 0 0 0 0 0 0 0 0 0 0 0 0 0 0 0 0 0 0 0 0 0 0 0 0 0 0 0 1 
1 19 0 20 0 0 0 0 0 0 0 0 0 0 0 0 20 0 19 0 0 0 0 0 0 0 19 0 20 0 0 0 0 0 0 0 0 0 0 0 0 20 0 19 1 
1 1 1 1 1 1 1 1 1 1 1 1 1 1 1 1 1 1 1 0 0 0 0 0 0 0 1 1 1 1 1 1 1 1 1 1 1 1 1 1 1 1 1 1 1 
